0 0.259916 0.177539 0.332065 0.345177
0 0.771029 0.441623 0.27942 0.304551
0 0.227929 0.89019 0.17153 0.200453
0 0.110254 0.367631 0.121108 0.126234
0 0.795548 0.324234 0.0494007 0.0607296
0 0.691704 0.192988 0.0886454 0.102917
0 0.900145 0.192423 0.0269722 0.0335571
0 0.0621693 0.930655 0.0639851 0.0829542
0 0.988116 0.0557168 0.0237671 0.0531507
0 0.354914 0.697092 0.0659749 0.0976086
0 0.542545 0.281594 0.0454205 0.0558754
0 0.0966914 0.691108 0.0319191 0.0405001
0 0.456113 0.927729 0.066094 0.0823128
0 0.712543 0.0915155 0.0254613 0.0332747
0 0.657263 0.0566577 0.0274386 0.0309773
0 0.488322 0.575184 0.0425076 0.0502712
