0 0.569316 0.752223 0.398752 0.425318
0 0.865582 0.918848 0.126317 0.138444
0 0.349052 0.2495 0.14884 0.173287
0 0.0998083 0.379993 0.131951 0.142221
0 0.0565758 0.857771 0.113152 0.138185
0 0.944304 0.225474 0.107756 0.11123
0 0.356009 0.544083 0.0945792 0.108432
0 0.917399 0.639316 0.0591579 0.0667953
0 0.909443 0.559111 0.0546406 0.065554
0 0.80001 0.237763 0.202093 0.221524
0 0.284464 0.479611 0.110567 0.120379
0 0.204172 0.123638 0.0892776 0.0918319
0 0.236239 0.0573991 0.0931771 0.0992774
0 0.835328 0.41589 0.136194 0.164424
0 0.796944 0.02706 0.0676329 0.0536136
0 0.925012 0.046863 0.0631775 0.0852493
0 0.471117 0.21696 0.0767721 0.0930265
0 0.107381 0.520784 0.0339359 0.0437374
0 0.796248 0.0972744 0.0512416 0.0563092
0 0.677413 0.942293 0.0837608 0.100991
0 0.299501 0.620553 0.0875412 0.0952556
0 0.195401 0.944721 0.0406916 0.0473232
0 0.0476578 0.611141 0.0294076 0.0366228
0 0.423271 0.607619 0.0448928 0.0553398
0 0.572776 0.394138 0.0285974 0.0395794
0 0.950718 0.719981 0.0324657 0.0397705
0 0.00828474 0.117371 0.0165695 0.0786122
0 0.722524 0.58733 0.032968 0.0366827
