0 0.0893844 0.787404 0.0496566 0.0723881
0 0.923218 0.923998 0.0531836 0.0695208
0 0.25223 0.836913 0.0295668 0.0413433
0 0.670606 0.363284 0.451135 0.480916
0 0.237724 0.227062 0.0607684 0.111164
0 0.208486 0.638007 0.0434597 0.0496025
0 0.198694 0.43652 0.0257966 0.0351712
0 0.103032 0.46884 0.0446921 0.0766991
0 0.159286 0.0498048 0.0323158 0.0388872
0 0.578812 0.719781 0.0337902 0.0321956
0 0.196828 0.760225 0.0599992 0.0814878
0 0.384061 0.16575 0.0356953 0.0459269
0 0.134706 0.410494 0.0275602 0.037858
