0 0.21099 0.70319 0.0477512 0.0447421
0 0.196783 0.157288 0.0594027 0.0782421
0 0.842009 0.610386 0.0393423 0.0511202
0 0.0543275 0.85462 0.0831204 0.112081
0 0.780123 0.719966 0.0352978 0.0483784
0 0.0980153 0.393276 0.0807312 0.111316
0 0.557941 0.123176 0.0498101 0.0737609
0 0.671898 0.85263 0.0225779 0.0310589
0 0.0534735 0.696306 0.0644307 0.0786576
0 0.663149 0.779141 0.0354799 0.0510241
0 0.643555 0.191512 0.0439957 0.064163
0 0.750784 0.0330788 0.0652193 0.0661576
0 0.578957 0.635709 0.0211873 0.0287245
0 0.6557 0.0642805 0.0271595 0.0366887
0 0.300809 0.455955 0.0167333 0.0258614
0 0.539658 0.780808 0.0209505 0.0333276
